BER_All =

    0.3462    0.3325    0.3198    0.1821    0.1431    0.1123    0.1167    0.0771


ErrNum_All_Tx =

         203         130          99          86          72         112         110          80         892
         506         551         556         287         221         118         129          78        2446


BER_All =

    0.2075    0.2319    0.1812    0.0957    0.1001    0.0562    0.0488    0.0381


ErrNum_All_Tx =

         115          44          39          35          43          48          53          38         415
         310         431         332         161         162          67          47          40        1550